- _source: transmitted
  altitude: 1225.9196393418167
  command: 0
  fix_quality: 2
  latitude: 32.318966
  longitude: -106.790488
  pressure: 879.96
  satellites: 10
  temperature: 30.2
- _source: transmitted
  altitude: 1226.0408774798761
  command: 0
  fix_quality: 2
  latitude: 32.318966
  longitude: -106.790488
  pressure: 879.96
  satellites: 10
  temperature: 30.23
